 <pre>

 Contingency table for Low clouds (octas)
 Selection: ALL    634 stations
Period: 20220501-20220526
Used {00,03,...,21} + 00 01 ... 09
 Limits    1.00000000       2.00000000       3.00000000       4.00000000       5.00000000       6.00000000       7.00000000    
 Each class is data <= limit, the very last > last limit
 Total number of values      774153
                                              OBSERVATION
                                 339029    20181    14828    10255    10325     8886    12639    16462 |    432605
                                  16556     3110     2876     2244     2371     2166     3551     4449 |     37323
                                  11865     2397     2317     1806     1990     1980     2992     3709 |     29056
                     MNWC_prod     9906     2244     2387     1832     1895     1949     3132     3843 |     27188
                                   8092     2233     2296     1836     2105     2008     3325     4040 |     25935
                                   7905     2385     2579     1983     2291     2214     4024     4750 |     28131
                                   8960     2834     3087     2483     2943     3046     5915     7616 |     36884
                                  17669     9011    10279     8452    10346    11727    28693    60854 |    157031

                    SUM          419982    44395    40649    30891    34266    33976    64271   105723 |    774153
                                              OBSERVATION
                                 362256    24965    18981    13558    13634    12053    18207    22768 |    486422
                                   9800     2248     2275     1731     1991     1900     3052     3716 |     26713
                                   6698     1705     1874     1460     1468     1583     2469     2920 |     20177
                    MNWC_preop     5573     1557     1688     1341     1494     1450     2400     2755 |     18258
                                   4991     1398     1667     1309     1447     1451     2460     2903 |     17626
                                   5065     1545     1616     1320     1564     1575     2918     3436 |     19039
                                   6261     1919     2108     1713     2034     2070     4138     5570 |     25813
                                  19338     9058    10440     8459    10634    11894    28627    61655 |    160105

                    SUM          419982    44395    40649    30891    34266    33976    64271   105723 |    774153
                                              OBSERVATION
                                 330901    19513    14115     9714     9611     8337    11655    14703 |    418549
                                  18221     3182     3001     2343     2287     2341     3506     4207 |     39088
                                  12787     2567     2460     1919     2140     1991     3134     3634 |     30632
                     MEPS_prod    10808     2383     2322     1947     2145     2043     3276     3841 |     28765
                                   9033     2315     2398     1921     2087     2098     3545     3958 |     27355
                                   8226     2384     2497     1944     2284     2220     3997     4766 |     28318
                                   9669     2832     3239     2627     2986     3072     5954     7783 |     38162
                                  20337     9219    10617     8476    10726    11874    29204    62831 |    163284

                    SUM          419982    44395    40649    30891    34266    33976    64271   105723 |    774153

