 <pre>

 Contingency table for Cloud base (m)
 Selection: ALL    656 stations
Period: 20220501-20220526
Used {00,03,...,21} + 00 01 ... 09
 Limits    70.0000000       150.000000       300.000000       600.000000       1000.00000       1500.00000       2500.00000       5000.00000    
 Each class is data <= limit, the very last > last limit
 Total number of values      744779
                                                       OBSERVATION
                                   3649     1772      942      517      382      170      327      555      967 |      9281
                                    930     2134     2083      913      399      141      125      130      210 |      7065
                                    645     2470     6154     4015     1364      480      260      260      245 |     15893
                                    575     1474     7668    15869     7808     2093     1083      848      767 |     38185
                     MNWC_prod      512      880     3390     9817    18618     8241     3138     1573     1684 |     47853
                                    703     1146     2967     5822    14223    27638    17047     4742     4465 |     78753
                                    715     1006     2133     4619    10364    16671    47810    17490    10492 |    111300
                                    322      374      930     1891     4201     5124    13939    22654     3125 |     52560
                                   2216     1786     4293    11845    25086    31414    56443    56009   194797 |    383889

                    SUM           10267    13042    30560    55308    82445    91972   140172   104261   216752 |    744779
                                                       OBSERVATION
                                   3954     2034     1092      626      436      269      521      745     1435 |     11112
                                   1022     2270     2467     1062      488      231      181      183      309 |      8213
                                    672     2603     6662     4499     1612      672      393      313      364 |     17790
                                    577     1413     7102    14935     7297     2125     1170      847      756 |     36222
                    MNWC_preop      457      791     3127     9202    15689     6582     2751     1380     1334 |     41313
                                    574      929     2644     5553    13879    23629    13821     3882     3284 |     68195
                                    561      844     1937     4361     9994    16384    42124    13937     8229 |     98371
                                    304      337      946     1889     4156     5066    13201    19090     2457 |     47446
                                   2146     1821     4583    13181    28894    37014    66010    63884   198584 |    416117

                    SUM           10267    13042    30560    55308    82445    91972   140172   104261   216752 |    744779
                                                       OBSERVATION
                                   4177     2234     1235      610      490      297      520      769     1275 |     11607
                                    968     2351     2474     1038      463      240      223      203      309 |      8269
                                    590     2522     6482     4317     1544      640      419      310      358 |     17182
                                    507     1395     7608    16662     8201     2407     1284     1054      970 |     40088
                     MEPS_prod      489      753     3336     9815    19141     8686     3654     1807     1892 |     49573
                                    642      974     2699     5698    14070    27764    18313     5111     4808 |     80079
                                    521      801     1816     4141     9866    15734    46959    17761    11060 |    108659
                                    292      324      850     1711     3967     4763    12867    22263     3166 |     50203
                                   2081     1688     4060    11316    24703    31441    55933    54983   192914 |    379119

                    SUM           10267    13042    30560    55308    82445    91972   140172   104261   216752 |    744779

