 <pre>

 Contingency table for Cloud cover (octas)
 Selection: ALL    408 stations
Period: 20220501-20220526
Used {00,03,...,21} + 00 01 ... 09
 Limits   0.500000000       1.50000000       2.50000000       3.50000000       4.50000000       5.50000000       6.50000000       7.50000000    
 Each class is data <= limit, the very last > last limit
 Total number of values      498210
                                                       OBSERVATION
                                  40925    10340     8852     5016     3107     3418     3388     3198     4529 |     82773
                                   8373     2911     3372     2647     1803     2424     2857     3055     4485 |     31927
                                   4656     1775     2117     1787     1443     1950     2308     2848     4037 |     22921
                                   3799     1480     1706     1573     1352     1754     2389     2849     4246 |     21148
                     MNWC_prod     3441     1351     1602     1657     1381     1922     2587     3292     5023 |     22256
                                   3045     1309     1468     1604     1354     2023     2975     3947     6043 |     23768
                                   3281     1375     1568     1774     1582     2354     3764     5214     8602 |     29514
                                   4210     1917     2037     2249     1940     3141     5678     8860    15355 |     45387
                                   7703     4205     3989     4726     4211     7848    16602    46460   122772 |    218516

                    SUM           79433    26663    26711    23033    18173    26834    42548    79723   175092 |    498210
                                                       OBSERVATION
                                  45667    12341    11204     6926     4462     5226     5715     5749     8336 |    105626
                                   6298     2405     2808     2348     1835     2578     3118     3630     5583 |     30603
                                   3814     1504     1781     1625     1366     1780     2367     2984     4450 |     21671
                                   3201     1215     1485     1395     1218     1659     2364     2873     4337 |     19747
                    MNWC_preop     2868     1126     1233     1364     1134     1677     2431     3221     4796 |     19850
                                   2598     1064     1263     1294     1060     1714     2543     3403     5600 |     20539
                                   2869     1199     1269     1477     1314     1810     3161     4598     7556 |     25253
                                   3856     1586     1687     1903     1661     2601     4575     7638    13639 |     39146
                                   8262     4223     3981     4701     4123     7789    16274    45627   120795 |    215775

                    SUM           79433    26663    26711    23033    18173    26834    42548    79723   175092 |    498210
                                                       OBSERVATION
                                  38841     9757     8386     4689     2913     3153     3305     3028     4338 |     78410
                                   8310     2937     3326     2562     1764     2409     2831     3061     4339 |     31539
                                   4793     1788     2134     1810     1408     1960     2314     2812     4117 |     23136
                                   3833     1457     1731     1552     1313     1766     2343     2884     4356 |     21235
                     MEPS_prod     3526     1461     1627     1656     1383     1949     2590     3219     4986 |     22397
                                   3292     1355     1581     1669     1381     1949     3041     3851     5957 |     24076
                                   3488     1392     1557     1809     1583     2280     3589     5152     8355 |     29205
                                   4610     1966     2073     2240     2038     3207     5661     8859    15314 |     45968
                                   8740     4550     4296     5046     4390     8161    16874    46857   123330 |    222244

                    SUM           79433    26663    26711    23033    18173    26834    42548    79723   175092 |    498210

